,(Everything I Do) I Do It for You,7 Rings,A Whiter Shade of Pale,All About That Bass,All I Want for Christmas Is You,Bad Romance,Bei Mir Bist Du Schön,Blurred Lines,Call Me Maybe,Chirpy Chirpy Cheep Cheep,Dance Monkey,Despacito,Earth Angel,Fernando,Gangnam Style,Girls Like You,Grenade,Havana,Hips Don't Lie,I Took a Pill in Ibiza,I Want to Hold Your Hand,I Will Always Love You,I'm a Believer,If I Didn't Care,In the Summertime,Kung Fu Fighting,Lean On,Let It Go,Love Me like You Do,Love on the Brain,Love Yourself,Macarena,Moves Like Jagger,Mundian To Bach Ke,My Heart Will Go On,My Sharona,My Sweet Lord,Needed Me,Old Town Road,One Dance,Right Round,Rock Around the Clock,Rock Your Baby,Rolling in the Deep,Rudolph the Red-Nosed Reindeer,See You Again,Shape of You,Silent Night,Somebody That I Used to Know,Something Just Like This,Sugar,Sukiyaki,Sweet Mother,Tennessee Waltz,The Last Farewell,Thinking Out Loud,Thrift Shop,Un-Break My Heart,Uptown Funk,Wabash Cannonball,Waka Waka (This Time for Africa),We Are the World,Y.M.C.A.,"Yes Sir, I Can Boogie",You're the One That I Want
(Everything I Do) I Do It for You,0.0,21.229623563920704,11.361868835474873,13.781489916523531,29.273904958394187,8.18046908337365,237.3734552835355,17.945943516499526,8.341183495086772,59.04093444117663,24.2842470137793,31.197581424998265,30.88871044277001,69.30200147791922,32.007789801067084,62.918494637311525,20.60882751315397,33.73387151465574,11.695048643010528,22.14262021338212,10.643669575128568,28.61474235309268,10.567330424920868,88.7223384920363,84.0720319275135,12.94100896275457,25.089925663635377,78.4201708189715,12.988226722075154,63.89453861437445,60.71144489465561,75.78758368181542,106.77466597183326,35.5864713576542,13.943071864986386,9.634277500718932,10.673584653953494,53.80316541196203,28.912160650583598,14.393208967567766,22.46605340836513,15.36082535512045,60.06360082464362,9.926450991213288,24.772195794888685,46.276433980265736,31.334132809503974,24.24709443559893,14.540277823603128,45.82251938888593,53.001230087630645,9.166945203333505,124.92127189874364,47.43688077615152,91.91484395240376,22.559907092001623,14.955694960963628,18.6946442261077,21.899853474911065,44.9128824627546,9.737786980471116,44.27284303200427,226.7022651931344,47.2616503544732,29.58646233002172
7 Rings,21.229623563920704,0.0,19.7984575764238,24.209828648379457,45.07663994622867,20.114815266447582,140.07684158873786,22.018445006206104,22.6188993122591,71.98859284348296,16.54008679619612,21.813169885514675,36.11712301063121,72.57880024418994,28.47339136943761,8.603220044798455,32.45420630596861,28.174274764020463,30.01505399531195,22.214305500577144,25.159679921856245,25.950119993352622,27.880513266554512,96.16424838684226,33.30806572180664,25.72335273679444,25.836411829926835,69.9048001490647,22.120332950756943,19.695750306347826,18.385243985704317,76.52265795559357,103.97853368288256,37.82501864709047,19.70710839068996,22.42217640536461,21.680976127242783,37.88217963321844,14.66042114488541,18.748868627075744,30.38070780918523,24.587149321947397,67.32373224219582,19.7399321089324,40.07760344990851,53.46064002085819,25.82540499697108,36.90993413138004,23.568249063218964,46.86147807409829,34.03763182006236,22.17112509614138,85.92488712786147,61.78839692331986,98.67305697084292,25.9863719171702,26.366193671607476,24.246032352031875,23.69773300909785,49.42661932234299,20.99871490401708,34.47153689535626,123.23710843779529,55.34085668634224,33.527329901965246
A Whiter Shade of Pale,11.361868835474873,19.7984575764238,0.0,18.24302602963595,34.92537637032392,9.32874352953928,257.34936434247703,10.858378741540704,9.86406396672424,77.57413700064583,24.72816726688825,19.959249721780484,46.33336239119593,83.94354446598821,17.49391334371156,65.60839368034506,22.148457311861726,18.206391494978472,18.08809305754068,27.25808057280708,14.635499668871535,16.002585932606355,15.111703979733525,104.21841808395796,94.0708848786558,20.90042970091929,26.856891389946,92.22810514138268,15.37807278311496,68.7420936726498,63.71538325414604,91.49370440727527,124.63939725496364,51.960802035852005,7.110784649718675,13.141210605999266,9.470320904226435,62.60890596015357,36.30379282811208,20.748881325567798,36.23836014567755,24.7644512267749,78.26756117332097,12.330921065239318,32.05084202808639,53.66511240793481,25.06152193232449,31.851456229502663,8.359858497431617,54.76822623680286,38.96921188448695,10.387597930352792,142.08056864721837,65.16172452818782,114.19645560407557,25.113644048754903,24.331181087643458,30.887558306366525,15.995958092717071,60.21637076097869,8.649755955154133,29.879109530756107,244.68723048857552,64.6832696652885,43.90331337082569
All About That Bass,13.781489916523531,24.209828648379457,18.24302602963595,0.0,33.02534552008903,16.113885329137844,223.2907867022527,24.78848957883519,11.2767614118485,55.91389895726136,31.67944869257845,32.10090515621579,24.913821287318736,50.87168961564438,41.60264674822317,71.45742479732743,31.42056763021141,43.716724214601335,19.89531232682126,26.972368496923664,17.150593413699823,37.08280016472514,15.937454462221735,83.18773015234412,96.8020422675228,19.449116094297334,16.035765382662163,74.89133394102282,10.036348864293911,71.53890885138915,71.28216329568876,68.49820964256587,100.53858746762404,29.52557567845426,21.76699260191553,15.05804350294164,19.795702508619023,47.731835806898175,38.44746479698548,12.904912421377478,22.926636832120828,12.50348886740518,49.64166247140277,15.004694371052183,28.576161581908984,42.54810113270968,27.555932838213867,26.1327877177991,26.695871204056672,35.1673456754567,59.28093740463205,13.825470240615417,119.440327805138,47.05805891685045,87.22296132047354,30.88934508853573,14.316121397404826,22.274440152684505,19.75454404158012,30.72415238066097,17.78751386259967,56.00995200849207,214.39450286737295,41.53833079458726,30.300660922752943
All I Want for Christmas Is You,29.273904958394187,45.07663994622867,34.92537637032392,33.02534552008903,0.0,32.64574855785586,222.76158394885732,41.71031505009063,34.77149052615173,59.68553289860022,42.68874379992542,41.45169230208867,51.04650144200183,69.7705428161409,53.73325512938759,67.01350284152532,37.47556853536293,57.10576553895927,37.43274726575873,34.77272693995351,35.00798697749225,46.71150558167586,25.09147211217354,84.40737863209,77.34589579592242,36.27777065517129,57.66874590976734,60.68921976441125,38.9326979047327,63.52171164565517,55.69453334503441,56.83391232973462,104.73698449264316,50.628607883406126,39.52625658687879,28.448658574316703,30.32472943098763,68.65655160821477,43.69203310951982,40.09888385324442,44.26127737247269,36.71611647527503,62.9337713774086,27.635582648710265,8.097786830291556,45.88648772638935,50.72302704819996,9.526039118245093,33.30592541010265,57.82354873533584,71.24623932481613,36.62492271450292,107.99165333844348,57.28168241237504,88.2041957408623,38.05442420619566,31.45034786871963,36.05072781664606,46.712917572634574,58.56870780209141,32.91300056828745,61.58027825377347,215.684774001762,37.2013359492824,46.08465730871693
Bad Romance,8.18046908337365,20.114815266447582,9.32874352953928,16.113885329137844,32.64574855785586,0.0,240.44266174185023,18.082805767118987,6.680674272504128,60.947973480209846,21.508611472550307,24.38654112991212,33.87452489132977,71.58424857784702,33.951420672783584,65.31874791726891,18.113392256417864,32.77819699592724,9.50333251679801,20.453631205183992,8.445448804156111,26.12968133081493,8.487796231796363,90.39947996277644,83.72153746101698,11.300005957568152,31.173819449757755,79.85475863212042,15.91900825920685,63.01472255564781,59.00176664233106,77.16819710155978,108.63150708546624,38.376881481740845,10.6173858013707,8.09220775473298,8.411993127182527,55.34603854416811,28.479212721847656,14.129871508888384,24.968114808405826,15.188401915286567,62.83840957819833,8.505886509048647,28.795699117819765,46.564892686509616,37.180258628600654,25.90821066114762,12.255068272237189,49.17403556028838,54.66570645855087,6.275240828851824,126.99696276282904,49.70253912288297,94.04973284309422,20.571104396688117,15.169041352533304,19.910922682950403,27.04721033091282,48.410338281646695,6.897731676020683,45.387059536647655,228.418166630252,49.24190411858493,31.98764006280372
Bei Mir Bist Du Schön,237.3734552835355,140.07684158873786,257.34936434247703,223.2907867022527,222.76158394885732,240.44266174185023,0.0,275.0935745023988,239.5833623240174,152.35503602388815,171.82770878362743,257.9771028374909,181.62296665461704,136.40808721803208,297.12014601325404,159.51719586084872,227.83083439715523,296.4397009041243,220.69043819577075,163.94592317337944,227.6815220310599,289.33220219586184,224.36217306843236,119.06596118069469,112.11103110827358,213.25414568252663,217.3367167082768,130.90739288057895,224.72486693346823,124.77228236693578,149.53748683752357,145.966163247459,99.98534538950231,174.92797237494293,265.5449441697692,230.0683170009864,241.0213733155263,101.0618080343727,196.8291603022144,217.07635054420737,193.4141267333755,211.34974273286653,148.93075481444015,236.1947001864264,221.8183363234213,182.6467615015088,278.4900376994949,211.7634582960699,266.2238683167547,135.92088755922285,325.69378221829425,238.56730528182524,63.50797943742008,166.57840244898196,125.62514446579718,175.03418086159536,208.73588958738884,203.6059540711691,272.74079705603,158.895435613173,245.92178638626032,312.5376042990849,25.91281165163569,159.66312441718568,181.4472156619642
Blurred Lines,17.945943516499526,22.018445006206104,10.858378741540704,24.78848957883519,41.71031505009063,18.082805767118987,275.0935745023988,0.0,16.960928151736155,96.49327580688816,28.783933204743903,16.74420995090044,61.40098975093445,100.62428715087364,9.75315342421582,71.06001172476742,33.080934659771614,10.287277553828426,32.99824441573715,38.35206825468861,28.26706491363864,11.108064715019406,28.74480622444421,122.28180962160774,109.3901480724858,36.69700538419251,32.23485128567398,107.12402058417096,22.522524432575068,80.05530389320832,73.02895874941069,105.59506715531144,142.59553353146788,66.06855788655376,10.017136765942276,24.9168071995898,19.17065084245548,75.47410179874252,20.755545308980224,27.94687141158585,52.362074620599685,37.30090406231379,96.84070362592904,21.89778721406013,39.80026235529919,60.87505426450995,14.086708103130308,43.63770930894409,11.408332800099153,63.7823623132288,21.82506423673358,20.026834781215367,159.54066421741365,81.31069496047117,133.3466333062601,34.50211457193809,39.2455012548566,46.60381762646365,10.617485556658698,76.11320299318238,17.866237156368594,18.318073324679222,259.61366368210656,80.33663130264665,60.206916391434994
Call Me Maybe,8.341183495086772,22.6188993122591,9.86406396672424,11.2767614118485,34.77149052615173,6.680674272504128,239.5833623240174,16.960928151736155,0.0,61.83993273845718,26.90141421907531,32.97522246614131,31.86334799571789,69.14157518197814,31.612749432963533,65.85072741467147,20.864990343478222,34.41454010012036,10.509264176200592,22.5654226685969,8.340356982106824,28.885993162240336,7.893785976600386,91.21803468318883,87.9048497607675,11.401836474028418,22.607662581391715,81.15760393447822,10.012504174022482,65.8212481995255,63.14080664302006,79.24167166702887,108.34816005325598,36.92765673973522,12.140788657506848,7.486775213465912,10.610699886045396,53.64080943418736,42.61981881319235,13.352819845794926,22.464573053696093,12.698929800390692,62.3549144430344,8.033517869644692,30.835182059406087,46.43059779795976,29.129848492773064,26.24793274956667,13.544775637314869,45.478096285900186,58.40503729963566,5.369563017403097,128.23157236512637,50.36951489887885,93.87806737126056,23.679174501105138,12.141851599273222,19.11305825001227,19.443714181407085,45.30756114714371,8.29272156698008,44.99630784293002,225.84870923336533,49.332037219066585,30.97948900996108
Chirpy Chirpy Cheep Cheep,59.04093444117663,71.98859284348296,77.57413700064583,55.91389895726136,59.68553289860022,60.947973480209846,152.35503602388815,96.49327580688816,61.83993273845718,0.0,50.98589148366628,91.96194119931074,13.835556109307053,9.867424857807071,120.86395636999194,66.78964413915439,39.8921383534982,119.33387852693905,43.68660016112502,34.42425583727776,48.32738815496805,109.65211476435744,45.05464040680168,14.414355407041288,51.46472198721016,37.13471137883686,66.57470681313936,26.84954285511009,59.75629104272232,47.69344777209442,52.49905012952276,29.563968761458053,24.66683546499398,11.086745031168633,83.95869777364423,51.02390807891842,59.349316383522144,28.044915588852664,74.90922818070459,54.43528413409789,21.40912119259046,34.60328849089451,8.574773671339344,58.37189625841357,57.36431843535998,43.6634948822098,111.4853451246727,47.74069298162413,82.93289768271754,35.74709722855821,151.76891916834302,59.061871065544416,46.19216657728376,9.29505136348194,11.893486076933256,25.93186475530176,33.95882266694803,27.378112177017,103.42137092368586,9.387166817976825,65.0880340046293,136.1389321957017,129.10984485687186,14.12915883757305,14.644007127116703
Dance Monkey,24.2842470137793,16.54008679619612,24.72816726688825,31.67944869257845,42.68874379992542,21.508611472550307,171.82770878362743,28.783933204743903,26.90141421907531,50.98589148366628,0.0,14.662654159313496,46.12197062345245,48.11744206472051,31.471041819342936,24.36593468604037,14.13175299760728,28.368648104559654,19.95968982828295,18.383845772249877,28.720780257306345,26.795598435372973,21.40544257837041,68.79838038584487,37.58097255736073,27.36856841369799,42.536768460601664,28.961767200987797,31.80046040128786,31.17690710721947,23.98978229792402,17.693189314760083,93.1844909898213,43.36651079777501,23.29968716058135,21.668220323663206,21.26526848938698,51.1113756814812,9.732179639297618,23.538850644635957,35.42552195423077,31.963290363662768,51.97315365911024,22.550996036454176,41.627248578456246,22.664965149896936,39.07490996051034,38.19156127501093,23.742014594050467,55.91953003490778,34.52697485300244,22.794704144827232,63.24228902390789,33.16261554483939,74.83399399166372,13.39308473423391,23.57996616090215,23.865656166511805,35.36916584065072,46.84176939439334,20.81040701396192,31.49474333311219,143.67385682948907,21.4412171181776,32.87114632624977
Despacito,31.197581424998265,21.813169885514675,19.959249721780484,32.10090515621579,41.45169230208867,24.38654112991212,257.9771028374909,16.74420995090044,32.97522246614131,91.96194119931074,14.662654159313496,0.0,79.0802561645797,75.78955462908023,20.714822479428182,51.279298774559976,19.026917685617654,18.959975945705327,25.82534878483045,46.4843071395939,46.39952355150779,16.703424279601315,27.10299571921144,111.41944576665558,86.6140923427391,43.253449005383615,50.94943831607375,71.72904390824083,35.95367970411259,70.15918139050648,55.36741305876915,59.514443533108086,142.50740816717197,77.5592746607174,16.068645735866635,31.090002606309973,21.323691015291036,84.09853662914152,11.23072783315149,41.082296120509255,58.76553509869657,58.86718702307167,91.77443021669612,23.40307051139369,44.0905835684648,33.8180726433296,21.156876168790184,38.903086804308096,24.26286583295728,73.08167001627136,25.54249734400661,31.125331550659585,126.40528892721971,52.1098282620488,128.68376113721249,31.707214997702124,35.388454476911065,38.426374957752216,20.40798078425164,79.22628981734488,16.793314862159843,17.092776147171882,253.71868589778612,34.51170256651855,52.10085448463821
Earth Angel,30.88871044277001,36.11712301063121,46.33336239119593,24.913821287318736,51.04650144200183,33.87452489132977,181.62296665461704,61.40098975093445,31.86334799571789,13.835556109307053,46.12197062345245,79.0802561645797,0.0,20.10036523322581,84.1455548909956,70.99710841576979,28.06089403397198,85.35073398923254,17.930116169746366,23.550098838724203,23.733814368561905,76.23150854120573,22.63620477555985,35.078588313879884,64.48502714499323,13.979325930876582,33.83845409698642,44.36995056299645,23.58608631021491,53.42383946602019,55.98356682657937,41.74957419944072,53.12091636133832,7.319207047447275,54.84008924170417,25.34983202150605,34.31498187507195,30.58281919573909,63.0883456224205,20.66431464069802,7.404963250947588,12.403164836240425,15.5640239063105,28.68538661529751,45.803281360510304,38.6408614151492,68.60944979685684,35.31219449956724,53.88696627879793,30.174533394106028,109.304549330679,26.84292366374379,76.05351818591424,9.25761992259903,32.29909629908777,21.310452826380637,11.692316979655796,10.367420120936645,56.84249657910428,8.706286414981841,38.167003428523145,103.57053355825418,164.36116273096056,14.28592944146673,6.988363814649825
Fernando,69.30200147791922,72.57880024418994,83.94354446598821,50.87168961564438,69.7705428161409,71.58424857784702,136.40808721803208,100.62428715087364,69.14157518197814,9.867424857807071,48.11744206472051,75.78955462908023,20.10036523322581,0.0,123.55105633691404,62.44863809358047,62.24933095171316,124.82475956052558,52.167282322796815,28.210683298893496,59.025152292322254,112.8178731540484,58.487537729973454,11.489809730456471,48.754642223970656,46.1738974589736,53.20715386559582,28.72076332887458,51.65523852467318,43.97829404567992,57.91588876475016,37.06364409676417,15.2944090934036,16.094670847886416,92.57480559154696,61.86035342784231,74.53097777050826,26.83802089246556,67.3663641628786,50.43626619870839,27.890063044302572,42.90509891133192,10.2497219389921,63.64226674615016,65.81695863521018,53.12504800389575,109.54111779243826,55.10717333239837,97.84947332907632,26.54833412507866,149.5095896808906,64.49235015840954,36.24702353046827,12.818872321429993,10.270289440907693,40.56551177218899,40.13011632770379,35.56396254566699,102.05154561681913,12.441163202027832,78.6206691040778,131.11717799628008,112.37720437122896,17.30171574902478,20.882260510112918
Gangnam Style,32.007789801067084,28.47339136943761,17.49391334371156,41.60264674822317,53.73325512938759,33.951420672783584,297.12014601325404,9.75315342421582,31.612749432963533,120.86395636999194,31.471041819342936,20.714822479428182,84.1455548909956,123.55105633691404,0.0,76.19713729595469,44.57766927032291,7.359591058412769,55.34481675935575,53.73088509528573,45.75573282031379,9.919098168548189,48.040756770851786,147.5463101094232,128.09608876841335,56.45325386225099,53.03990708688432,124.81519033274604,37.37857509957987,94.37381775839592,80.56873511018657,125.9620645303841,168.9839804934726,87.5353418903591,17.77520047021354,40.7543336762592,31.496802349749064,96.87207408188472,18.594322423771484,44.29767167883693,73.02236414433551,57.582000116997726,121.58471929421322,35.68689619712176,52.891386373988176,72.56683490510004,15.808312264086146,57.36162953735062,17.881811532269342,79.1800438132062,11.685574278162758,36.19684480174896,182.20411769043207,103.04741133155156,147.9808963560621,47.43353926482609,57.580736833562106,65.76091837397708,12.716822151542637,100.42259368293678,32.654762384738184,11.93638894849903,273.78349699957994,100.77088800056316,79.9031223086045
Girls Like You,62.918494637311525,8.603220044798455,65.60839368034506,71.45742479732743,67.01350284152532,65.31874791726891,159.51719586084872,71.06001172476742,65.85072741467147,66.78964413915439,24.36593468604037,51.279298774559976,70.99710841576979,62.44863809358047,76.19713729595469,0.0,52.86628566908076,72.02676985147765,68.31358950130027,36.02196395798752,64.2764054938868,68.95609249122411,65.90124878410074,76.87051252882273,47.16723672200606,64.1887416504548,84.5131510347493,38.03808962396642,72.09545527779639,22.463514561693188,18.43421841249513,39.01919044118209,102.03404266557062,67.77026906129804,64.13637395433422,61.80347044663935,64.48179538705622,49.489371937024494,26.98574454486833,58.83982106100771,66.08914280879452,63.96159265679302,63.26592215889181,60.72267821307732,64.6081192159444,55.6234418465228,84.58725384463884,61.59110454295843,64.17321433058075,88.97004239561217,79.65948291388041,65.89301894564825,64.92804317991173,60.21603613092429,84.50793182654554,37.53805337035993,66.20279691975283,60.55414826757793,79.53281213510797,67.65757951862193,64.5373318072839,74.19024921774275,146.85281623065302,52.82407955981993,62.21830809655918
Grenade,20.60882751315397,32.45420630596861,22.148457311861726,31.42056763021141,37.47556853536293,18.113392256417864,227.83083439715523,33.080934659771614,20.864990343478222,39.8921383534982,14.13175299760728,19.026917685617654,28.06089403397198,62.24933095171316,44.57766927032291,52.86628566908076,0.0,38.88960817639455,19.998280466509836,32.079465766967246,14.583873443867958,33.16684847152779,14.145930074572822,78.58230517612046,67.47221653532526,19.4379080606698,52.14631365032837,48.625492145089765,30.19423779757016,56.640051802772085,49.55914656317948,42.29724419623917,108.19799109684764,31.240283743989515,22.709959911219972,17.02763849357808,15.242866170348767,67.90042598386776,19.704280321319963,31.99050968620904,27.38519113179763,19.63064311540092,47.84259172715684,19.608665099285425,38.72934181815842,27.447281226686925,56.74182006190831,36.91302670311247,20.69940834105616,44.21150327305463,56.01153168895847,17.519380332635816,94.59518143055732,40.08793481609032,81.33557081103534,20.457041599542237,22.77774907718308,23.524757667309363,47.25504695947768,46.96364113068949,17.6063706284211,43.26964171804741,217.5615978141908,22.758145526114664,29.014929083785265
Havana,33.73387151465574,28.174274764020463,18.206391494978472,43.716724214601335,57.10576553895927,32.77819699592724,296.4397009041243,10.287277553828426,34.41454010012036,119.33387852693905,28.368648104559654,18.959975945705327,85.35073398923254,124.82475956052558,7.359591058412769,72.02676985147765,38.88960817639455,0.0,53.48916829699463,53.83973098440669,46.244446688126494,10.20033489719672,47.142774740796064,145.71175079552674,124.13612336760193,56.90693593794258,52.948507462769086,125.70367069339096,39.413568441833554,90.78398230977128,76.80815318261233,123.6357032988027,166.2346867449719,88.3878288890119,14.483871780751691,41.492083548920434,28.651411731979408,95.32066832812198,19.111692484421788,46.16584505683538,73.58706259209126,60.76902645395543,122.81962001240018,37.786574985154814,56.85411577059914,73.4362627262503,19.145502633326387,60.23503466021064,17.600175374303433,81.07849118813266,10.502180043463287,36.81338430805305,180.5305231744512,101.7573667097122,147.82521967480182,45.75355747681775,60.645710315494114,66.74525737831851,14.464244957918776,103.24951742538924,29.793406179197486,11.283043331201172,272.963448262492,101.3197508326502,81.18005172917543
Hips Don't Lie,11.695048643010528,30.01505399531195,18.08809305754068,19.89531232682126,37.43274726575873,9.50333251679801,220.69043819577075,32.99824441573715,10.509264176200592,43.68660016112502,19.95968982828295,25.82534878483045,17.930116169746366,52.167282322796815,55.34481675935575,68.31358950130027,19.998280466509836,53.48916829699463,0.0,16.251598565214582,7.138710907279951,42.14493993013715,7.612992130926435,70.95547094211096,74.39564897722978,6.854595107739299,37.49408776783319,67.93557054629434,22.6235785124846,58.40796927133878,55.68676557426708,64.7190264826568,89.2338473292038,22.66146367975901,22.888173577275357,7.689949822674121,12.843262781518762,43.07636246755012,31.561736361965423,11.649187377830952,11.073347358714123,8.160168004435238,44.803927296988014,12.295935673813602,34.81850740155932,40.18288883283903,52.318405141112606,27.411723635474647,27.776833641504723,41.76550444606654,79.68107168497774,8.370455455888083,109.21439805655014,31.51577439258275,72.61095962713708,19.80621440751764,6.735100718330652,9.40414156867277,41.525948345551896,29.29736424998986,11.97796540081412,59.77475561600712,207.5556942060116,33.56631877484513,15.785094228382953
I Took a Pill in Ibiza,22.14262021338212,22.214305500577144,27.25808057280708,26.972368496923664,34.77272693995351,20.453631205183992,163.94592317337944,38.35206825468861,22.5654226685969,34.42425583727776,18.383845772249877,46.4843071395939,23.550098838724203,28.210683298893496,53.73088509528573,36.02196395798752,32.079465766967246,53.83973098440669,16.251598565214582,0.0,20.797670085037023,47.46448819534767,17.50056786353953,47.59980752330244,38.38991624470065,20.97904533480668,37.50898649505656,24.19737218090649,27.455876677135844,30.746112083629463,31.399180424689675,29.16140804147216,64.16112868220291,20.24031582542749,32.0945776858728,17.711410423823025,24.51540328945716,23.58530135873528,40.3133645434873,15.897694218036149,18.83935851797424,18.977159737189897,32.691094799658174,20.45786382826389,29.61419889890781,28.92615228754836,46.63430617696572,24.95058246860018,32.41032250326739,44.64969316823069,69.38279864677982,20.58456769298351,54.459038728461344,21.303060825575937,54.000237649887616,10.072026735015228,18.037378708110985,14.435435250597548,40.54946601695745,24.41902569716773,23.22475546762378,66.66722147695258,160.07324848486027,17.200210222530917,15.650939235242422
I Want to Hold Your Hand,10.643669575128568,25.159679921856245,14.635499668871535,17.150593413699823,35.00798697749225,8.445448804156111,227.6815220310599,28.26706491363864,8.340356982106824,48.32738815496805,28.720780257306345,46.39952355150779,23.733814368561905,59.025152292322254,45.75573282031379,64.2764054938868,14.583873443867958,46.244446688126494,7.138710907279951,20.797670085037023,0.0,38.61406184721567,6.021046434857048,79.22593095945484,76.77597270151067,6.683144605383188,32.39661168604033,71.61629088798561,17.92251645449812,59.56005687415173,56.49455229081975,67.80733168430095,97.29688709201643,26.805349643686935,19.274952061185072,7.03931038179432,9.919646256217009,47.770370488576894,45.114664974927166,16.35392014286708,15.705881482458585,8.681887307764327,50.929484125920936,8.867572245238055,32.15376898297842,41.89668818026104,44.44581703982029,25.017015283454203,15.617751656106922,43.48423252650806,71.3105347027668,6.339901740798101,116.31240567408943,38.446337016376695,79.29076296112781,19.081897705903824,8.877592070698968,11.765829310986112,32.64038848939838,37.086362311168685,10.007504195156685,57.4732215174605,213.4746200952677,38.78927180249749,20.837422144769285
I Will Always Love You,28.61474235309268,25.950119993352622,16.002585932606355,37.08280016472514,46.71150558167586,26.12968133081493,289.33220219586184,11.108064715019406,28.885993162240336,109.65211476435744,26.795598435372973,16.703424279601315,76.23150854120573,112.8178731540484,9.919098168548189,68.95609249122411,33.16684847152779,10.20033489719672,42.14493993013715,47.46448819534767,38.61406184721567,0.0,38.09096660719724,133.09207490922586,113.17209215893516,47.65557682994687,45.39428613546894,115.7388377716236,34.237148398014405,83.47596515978393,71.72961527447481,112.36530681314916,155.82057274293106,79.6563660929392,13.176554970696015,34.378816739144234,22.60744874668392,85.93538737035965,21.61396559021941,41.262165905823565,64.91161697138585,52.205809385555895,111.16735900461669,32.39937276219779,47.093621892440936,67.03088147020813,21.318696582515354,51.52481523815431,13.586780476088348,75.30708540255392,18.48603997174107,29.897052889382945,167.37370682816552,90.7468284197326,146.03741864640168,39.02435306067977,51.71783435299254,58.94176339655052,15.64750345815887,90.42047712621668,22.42734195238766,11.738586804406449,272.2824927100839,90.1010330521274,72.70608987315062
I'm a Believer,10.567330424920868,27.880513266554512,15.111703979733525,15.937454462221735,25.09147211217354,8.487796231796363,224.36217306843236,28.74480622444421,7.893785976600386,45.05464040680168,21.40544257837041,27.10299571921144,22.63620477555985,58.487537729973454,48.040756770851786,65.90124878410074,14.145930074572822,47.142774740796064,7.612992130926435,17.50056786353953,6.021046434857048,38.09096660719724,0.0,77.29284082090444,75.0771158202926,7.870178076045448,33.23694186251429,69.22838104493927,18.3563119654129,58.94577485186263,55.542731156629046,66.14449910095924,93.70309906557524,25.75784052218265,19.374032656204268,7.2689506081569775,10.361387848039849,47.87708762461574,34.68531089703803,12.518480434454784,15.51535655087211,9.62733831705125,49.25480080437051,10.031581430659411,23.52881708781201,41.43774562343522,46.76424885356099,20.50142589613242,16.379720392797847,42.158132572226,73.22854194227742,7.647356930384683,113.08777622110424,35.01878960773871,75.08210560989312,19.91402734505413,9.817400018559391,12.377504675320653,35.74034470862363,35.27031811435469,11.033862677750095,55.06911989621784,212.939304032964,36.65694547719753,19.525090539104987
If I Didn't Care,88.7223384920363,96.16424838684226,104.21841808395796,83.18773015234412,84.40737863209,90.39947996277644,119.06596118069469,122.28180962160774,91.21803468318883,14.414355407041288,68.79838038584487,111.41944576665558,35.078588313879884,11.489809730456471,147.5463101094232,76.87051252882273,78.58230517612046,145.71175079552674,70.95547094211096,47.59980752330244,79.22593095945484,133.09207490922586,77.29284082090444,0.0,50.39821312365406,68.1814576848903,91.62865392199691,30.538584231589383,86.96870743068528,52.54813876224077,65.40472897947154,42.61879084733029,10.93538221183076,22.82639909266512,110.6849477381036,81.40460508601822,88.32835524074781,30.265854892631257,90.15979917438747,74.95346847892476,49.07250559152052,65.02512736150163,15.539388251796275,87.37870837995706,79.69091459445791,66.88104791050606,138.4177981481164,71.09537861500205,114.32499301650482,39.69884970986502,177.48283123721347,88.19088985794316,27.287330983785104,21.029670368839597,8.477771156665167,46.45345197892887,63.529092175310105,57.39606013401558,129.4884701140942,16.65781493707769,94.15615607236415,156.8984261929587,93.7789503361367,22.73563297721276,34.608852614027334
In the Summertime,84.0720319275135,33.30806572180664,94.0708848786558,96.8020422675228,77.34589579592242,83.72153746101698,112.11103110827358,109.3901480724858,87.9048497607675,51.46472198721016,37.58097255736073,86.6140923427391,64.48502714499323,48.754642223970656,128.09608876841335,47.16723672200606,67.47221653532526,124.13612336760193,74.39564897722978,38.38991624470065,76.77597270151067,113.17209215893516,75.0771158202926,50.39821312365406,0.0,73.43347348429475,115.16639372124044,31.83801716024507,99.83309214664844,20.526849246122737,20.070137328559916,44.92240962324129,54.42964949112591,59.07385883047502,96.97551027093064,78.51549390544352,80.90493986552377,17.930875426952912,55.091724569976,80.81549779868735,68.49379068479469,71.45084435522918,44.24539731105431,83.32773696692027,76.1704822540838,47.16689625125528,132.33974714073926,70.03013915338354,96.67374128536308,69.12048855501551,148.43816138962148,83.20216984614675,41.3420689211954,55.43033171739342,45.07343808232049,41.84710619516047,75.15742196402192,67.61188284083156,120.95221599986948,57.99413529295626,85.78930762334417,129.62852989192817,100.03562411869768,47.26511422687206,59.49877999358085
Kung Fu Fighting,12.94100896275457,25.72335273679444,20.90042970091929,19.449116094297334,36.27777065517129,11.300005957568152,213.25414568252663,36.69700538419251,11.401836474028418,37.13471137883686,27.36856841369799,43.253449005383615,13.979325930876582,46.1738974589736,56.45325386225099,64.1887416504548,19.4379080606698,56.90693593794258,6.854595107739299,20.97904533480668,6.683144605383188,47.65557682994687,7.870178076045448,68.1814576848903,73.43347348429475,0.0,36.893268420274765,63.455991731488986,21.78439837627923,58.33690753087375,56.17786421949952,59.62300211978936,85.16413351574613,18.022735000144237,27.185349427835867,8.740715391070673,13.483284397780292,40.3263764701572,35.70442074188859,16.420764882076497,9.559862161451814,6.946454784525762,39.10074340075195,11.552043326554848,32.57742874077221,39.06420372110694,51.42987534344894,25.790721741110808,28.520216339530688,38.79075427012561,81.90270918700229,8.750535893611792,103.85541797739378,27.148948848928487,64.42398413154834,18.631013107202158,6.497743209596713,7.90246341012987,38.92137282414264,24.514863237115662,14.46100429100372,68.73271056283917,200.9586073865398,29.139260931520905,12.63887609297713
Lean On,25.089925663635377,25.836411829926835,26.856891389946,16.035765382662163,57.66874590976734,31.173819449757755,217.3367167082768,32.23485128567398,22.607662581391715,66.57470681313936,42.536768460601664,50.94943831607375,33.83845409698642,53.20715386559582,53.03990708688432,84.5131510347493,52.14631365032837,52.948507462769086,37.49408776783319,37.50898649505656,32.39661168604033,45.39428613546894,33.23694186251429,91.62865392199691,115.16639372124044,36.893268420274765,0.0,81.8044583022141,11.789047204342516,85.57380523282123,85.76966821125474,78.34402301266773,99.96650433882508,36.77341755853205,35.676226722554816,31.73976990016673,36.55463396904271,51.72757224003346,44.21442534412363,7.054240246177798,37.25004478671742,21.336758297849688,57.4532116326207,26.843209727437443,50.48751180701616,52.41970860853398,28.38101945061532,45.13114376962646,43.29507819692687,27.4806949361405,63.75244024177077,28.326344721013815,124.05834372387558,60.561734508338034,92.57069608331082,42.68219449604644,27.770123653989327,35.93273222193116,24.44944045222929,35.697139987819526,36.00131895645132,64.44429858607684,216.37715083097277,51.10330973692162,42.6623651504449
Let It Go,78.4201708189715,69.9048001490647,92.22810514138268,74.89133394102282,60.68921976441125,79.85475863212042,130.90739288057895,107.12402058417096,81.15760393447822,26.84954285511009,28.961767200987797,71.72904390824083,44.36995056299645,28.72076332887458,124.81519033274604,38.03808962396642,48.625492145089765,125.70367069339096,67.93557054629434,24.19737218090649,71.61629088798561,115.7388377716236,69.22838104493927,30.538584231589383,31.83801716024507,63.455991731488986,81.8044583022141,0.0,73.73171842506358,31.474355615435517,30.58350421396588,16.058764528399774,48.62796722928219,36.30072951184862,98.752700353859,72.50574549233072,77.82879347739961,36.12079794612956,45.78803680795917,69.18134750611453,52.97235153510139,62.37717039985632,31.007485313677822,74.71797124471411,63.39101447581604,31.158021424295605,116.89000257654124,58.70956903374194,92.67629666772616,56.66763685536616,151.2142449074664,75.06306443648921,45.443347355062166,38.89592783581423,39.04299060104332,21.712394272902745,61.9344265380948,56.16304966100603,105.67280812349014,42.47315417375346,83.47760118490109,132.2364045774878,104.00490682173913,27.98630604070467,42.6845688662841
Love Me like You Do,12.988226722075154,22.120332950756943,15.37807278311496,10.036348864293911,38.9326979047327,15.91900825920685,224.72486693346823,22.522524432575068,10.012504174022482,59.75629104272232,31.80046040128786,35.95367970411259,23.58608631021491,51.65523852467318,37.37857509957987,72.09545527779639,30.19423779757016,39.413568441833554,22.6235785124846,27.455876677135844,17.92251645449812,34.237148398014405,18.3563119654129,86.96870743068528,99.83309214664844,21.78439837627923,11.789047204342516,73.73171842506358,0.0,73.25704747192856,72.6340029342231,69.42335483200578,103.25558798247968,28.303590653361205,20.69317788011969,16.99068543097766,21.20131557185252,47.68292118028678,37.08356280444822,9.094032373643367,23.81859779585127,12.542721375408112,51.05337270208992,15.06394473526541,34.30918085181778,39.12726698249686,25.447879993688534,31.29190247774276,22.598044974094087,32.69025992204067,55.14698706403792,14.775132043174434,122.5248646895551,50.12013722930913,91.35718933964772,31.491720882991228,15.677213115106696,23.26524555077008,17.549276960430362,30.13690269318341,19.29486595367584,52.71906191369936,217.8676128445917,41.09991869577845,30.03606555360324
Love on the Brain,63.89453861437445,19.695750306347826,68.7420936726498,71.53890885138915,63.52171164565517,63.01472255564781,124.77228236693578,80.05530389320832,65.8212481995255,47.69344777209442,31.17690710721947,70.15918139050648,53.42383946602019,43.97829404567992,94.37381775839592,22.463514561693188,56.640051802772085,90.78398230977128,58.40796927133878,30.746112083629463,59.56005687415173,83.47596515978393,58.94577485186263,52.54813876224077,20.526849246122737,58.33690753087375,85.57380523282123,31.474355615435517,73.25704747192856,0.0,16.399926955456664,42.22524582727672,65.19489207829564,47.76769372445401,71.36602675922671,60.04141447298863,62.99722926457903,15.522616477106668,50.20545216927079,59.95143100852903,54.32925437927968,56.56470737829,43.45254207534028,63.06289699269625,60.50336471488732,56.82998119770783,96.530928252119,56.06169831978045,71.0940028376289,76.65839925576711,104.8743215281666,63.14443275356708,48.00675702533371,46.24089751484623,56.92890912505205,35.63292918316555,58.32021651227461,54.007327431140645,87.60262161971035,48.64674355185187,64.05708333885632,98.2996448931353,129.1124184073439,43.0335260531622,49.10205984534712
Love Yourself,60.71144489465561,18.385243985704317,63.71538325414604,71.28216329568876,55.69453334503441,59.00176664233106,149.53748683752357,73.02895874941069,63.14080664302006,52.49905012952276,23.98978229792402,55.36741305876915,55.98356682657937,57.91588876475016,80.56873511018657,18.43421841249513,49.55914656317948,76.80815318261233,55.68676557426708,31.399180424689675,56.49455229081975,71.72961527447481,55.542731156629046,65.40472897947154,20.070137328559916,56.17786421949952,85.76966821125474,30.58350421396588,72.6340029342231,16.399926955456664,0.0,33.51705304610072,86.54861083616798,50.91522916090023,63.58610203407342,56.83952476945811,57.31995610865874,38.94542064525317,34.73467308509882,58.27223778323008,54.42931379732825,54.91067997952593,50.17946339003268,59.20345200149653,54.74178801453099,54.243393308842016,89.00259422975923,52.312890467642816,63.093427920296485,82.03769323282816,89.68252711040961,59.740602997497305,54.46731934165655,50.14341026310802,74.16147465567998,35.027978493406934,56.29277123965445,52.715331151387886,82.12752900358649,53.87613568341266,59.342702976379286,82.31653122531597,157.154913391603,43.09613905526265,50.33225270958014
Macarena,75.78758368181542,76.52265795559357,91.49370440727527,68.49820964256587,56.83391232973462,77.16819710155978,145.966163247459,105.59506715531144,79.24167166702887,29.563968761458053,17.693189314760083,59.514443533108086,41.74957419944072,37.06364409676417,125.9620645303841,39.01919044118209,42.29724419623917,123.6357032988027,64.7190264826568,29.16140804147216,67.80733168430095,112.36530681314916,66.14449910095924,42.61879084733029,44.92240962324129,59.62300211978936,78.34402301266773,16.058764528399774,69.42335483200578,42.22524582727672,33.51705304610072,0.0,63.44195585237288,38.243161956493935,96.14181154362966,68.81972595853165,74.75760511114801,50.53701367278217,34.930127979415204,69.59964565050193,50.86715316883518,57.85001043849201,40.614833576767566,72.39276278427447,63.22116613016103,20.47201221164237,119.20248394470848,60.39814426187009,90.315274526458,45.40158067558124,151.87611150945375,73.67837240219148,52.55537109744701,42.31502742093417,53.23861622768513,17.400237481117035,56.58212176790455,53.217660499487735,109.76237439486074,49.56592038435812,80.64895436729368,127.01244475306714,121.33043460048935,28.62049594493239,43.12461409321258
